# NAS100 TRD export, riskPct=2, baseline config (in_20=false), 13.07.2026
# TRD|dir|entryMs|exitMs|entry|sl|tp|profit
# window 2021-10-01 (Итог -156.76 / 14)
TRD|S|1624289400000|1624297200000|14103.5|14141.6|13993.4|-203.32
TRD|S|1624372800000|1624374300000|14164.8|14193.4|14076|-201.28
TRD|S|1624458900000|1624466100000|14291.4|14327.3|14251.3|209.88
TRD|S|1626269700000|1626271200000|14957.7|14998.9|14849.4|-198.34
TRD|L|1626702000000|1626702600000|14576.4|14498.2|14691.2|-190.08
TRD|S|1627316400000|1627394100000|15121.4|15142.4|15049|639.91
TRD|S|1628516100000|1628519700000|15083.5|15148.5|15013.5|-198
TRD|L|1629207300000|1629208500000|15027.8|14978.4|15140.2|-196.56
TRD|S|1629383700000|1629384900000|14837.4|14887.9|14714.2|-195.7
TRD|S|1629899400000|1629943500000|15369.6|15400.3|15337.4|193.37
TRD|S|1630590900000|1630603200000|15650.1|15681.8|15601|291.6
TRD|S|1631282400000|1631287500000|15622.4|15667.6|15553.9|299.2
TRD|L|1632236700000|1632255000000|15063.2|14988.6|15172.5|-204.12
TRD|L|1632837300000|1632837600000|14963.5|14920.3|15204.9|-203.32
# window 2022-01-01 (Итог +2197.26 / 14)
TRD|L|1632236700000|1632255000000|15063.2|14988.6|15172.5|-196.56
TRD|L|1632837300000|1632837600000|14963.5|14920.3|15204.9|-198.9
TRD|L|1633099500000|1633111500000|14602.4|14550.5|14756|566.47
TRD|S|1634312100000|1634325900000|15097.4|15134.8|15031.6|-207.36
TRD|S|1634913000000|1634915700000|15447.4|15475.6|15386.2|424.9
TRD|S|1635516000000|1635516300000|15687.7|15712.6|15608.7|-214.97
TRD|S|1636383000000|1636469700000|16342.1|16402.3|16273.6|224.4
TRD|L|1636555500000|1636568100000|16144.1|16048|16248.8|-203.91
TRD|L|1637766000000|1637784900000|16226.7|16103.9|16357|207.68
TRD|S|1638285600000|1638287400000|16394.5|16458.5|16241.8|487.04
TRD|S|1638377700000|1638384300000|16340.4|16430.5|16183.1|376.32
TRD|L|1638801600000|1638813000000|15669.6|15559.9|15808.6|277
TRD|L|1639492500000|1639494900000|15950.8|15857.3|16132.8|-226.8
TRD|L|1640019000000|1640108100000|15573.3|15500.4|15858.3|881.95
# window 2022-04-01 (Итог +219.55 / 13)
TRD|L|1640019000000|1640108100000|15573.3|15500.4|15858.3|768.15
TRD|L|1641482100000|1641483000000|15693|15606.8|15820.9|305.76
TRD|S|1641998400000|1641999900000|15922.5|16001.9|15772.9|-217.08
TRD|S|1642086000000|1642087800000|15916.8|15988.5|15830.4|257.7
TRD|L|1642523700000|1642527900000|15336.9|15269.1|15613.6|-220.16
TRD|S|1642606500000|1642625700000|15229.4|15384|15064.8|229.74
TRD|S|1643210400000|1643218500000|14409.9|14530.8|13938.1|-219.42
TRD|S|1644419700000|1644422400000|14871.3|14962.9|14755.3|-212.98
TRD|L|1645463700000|1645465200000|13799.5|13759|14165.7|-215.8
TRD|S|1646068200000|1646118300000|14168.8|14299.3|13694.3|-210.4
TRD|L|1646411700000|1646607600000|13804.2|13736.4|14090.1|-206.4
TRD|S|1648051500000|1648056300000|14628.1|14685.2|14522.8|366.8
TRD|S|1648561500000|1648579500000|15125.6|15218.4|14956.8|-206.36
# window 2022-08-01 (Итог -538.61 / 12)
TRD|L|1650639900000|1650641700000|13665.5|13580.5|13776.4|-197.8
TRD|L|1652112600000|1652118600000|12392.5|12240|12666.9|-184.2
TRD|L|1653056700000|1653058200000|11941.7|11873.8|12093.8|-192.92
TRD|L|1653313200000|1653314400000|11912.8|11817.6|12043.3|-182.78
TRD|S|1654092300000|1654094100000|12710.3|12822.3|12581.9|204.64
TRD|L|1655214600000|1655216400000|11341.9|11264.1|11502.8|-189.12
TRD|S|1655996400000|1655997000000|11647.6|11694.8|11424.9|-187.98
TRD|S|1657297500000|1657546500000|12060.8|12183.3|11923.1|192.08
TRD|S|1657892700000|1657893600000|11864.5|11955.5|11712.3|-184
TRD|S|1658153400000|1658166900000|12096.8|12157.8|11991.1|305.08
TRD|S|1658237700000|1658240700000|12002.3|12052|11861.9|-187.59
TRD|S|1659015300000|1659015900000|12560.3|12629.2|12457.5|265.98
# window 2022-11-01 (Итог +728.52 / 15)
TRD|S|1658153400000|1658166900000|12096.8|12157.8|11991.1|336.64
TRD|S|1658237700000|1658240700000|12002.3|12052|11861.9|-207.87
TRD|S|1659015300000|1659015900000|12560.3|12629.2|12457.5|296.67
TRD|S|1659971700000|1659975300000|13276.8|13400|13149.1|203.52
TRD|S|1660839600000|1660896900000|13488.4|13555.3|13391.4|299.15
TRD|S|1661440200000|1661456400000|13023.9|13105.8|12911.3|-215.54
TRD|L|1661960400000|1661967300000|12371|12292.1|12488.5|-215.73
TRD|L|1662042000000|1662042900000|12144.9|12085|12296.3|-213.15
TRD|L|1663249200000|1663251900000|12086.48|12030.85|12186.73|-204.12
TRD|L|1663861500000|1663905900000|11522.13|11448.25|11725.88|-202.23
TRD|L|1663943100000|1663947900000|11344.13|11276.5|11538|-198.94
TRD|L|1664545800000|1664550600000|11186.5|11088.5|11295.13|205.58
TRD|L|1665411900000|1665412500000|10986.88|10930.5|11080.75|-200.9
TRD|S|1666100100000|1666106400000|11307.75|11378.88|11082.13|608.04
TRD|L|1666622100000|1666704600000|11267.25|11164.38|11486.5|437.4
# window 2023-02-01 (Итог +798.84 / 8)
TRD|S|1666100100000|1666106400000|11307.75|11378.88|11082.13|630.56
TRD|L|1666622100000|1666704600000|11267.25|11164.38|11486.5|437.4
TRD|S|1668182700000|1668189600000|11686.25|11745.88|11581|-224.22
TRD|L|1668788100000|1668791700000|11680|11615.5|11806.1|-216.15
TRD|S|1669906800000|1669907400000|12066|12118.75|11967.5|392
TRD|S|1672757100000|1672758600000|10984.8|11096.55|10867.18|222.68
TRD|S|1673626200000|1673634600000|11417|11470.75|11317.88|-224.68
TRD|S|1674744000000|1674764400000|11955.38|12016.88|11808.63|-218.75
# window 2023-06-01 (Итог -380.84 / 9)
TRD|L|1676990100000|1676991300000|12232.75|12186.88|12345.13|-202.1
TRD|L|1677685200000|1677686700000|12005.38|11930.5|12116.63|-197.34
TRD|L|1678460400000|1678472400000|11935.63|11857|12098|-191.04
TRD|S|1679494200000|1679494800000|12738.38|12764.5|12678.63|-195.12
TRD|S|1680183300000|1680184500000|12921.55|12956.05|12809.8|-188.68
TRD|L|1680789600000|1680794400000|12901.38|12843.5|12966.5|200.26
TRD|L|1681139100000|1681206000000|12944|12855.5|13090.75|292.6
TRD|L|1682086200000|1682098800000|12941.75|12894.75|13017.75|302
TRD|S|1683123000000|1683136800000|13135.63|13171.88|13087.13|-201.42
# window 2023-09-01 (Итог +536.80 / 13)
TRD|S|1685628900000|1685630400000|14275.25|14309.88|14209.63|-202.92
TRD|S|1686067800000|1686069600000|14564.23|14595.73|14527.15|226.92
TRD|L|1687530900000|1687795500000|14910.5|14811.75|15060.25|-199.6
TRD|S|1688478300000|1688515800000|15206.25|15212.5|15178.5|857.22
TRD|S|1689601500000|1689607500000|15589.5|15649.5|15529.38|-213.5
TRD|L|1689950700000|1689966300000|15494.13|15431.5|15598.25|-209.88
TRD|S|1690467600000|1690482300000|15713.75|15796.35|15518.48|467.76
TRD|L|1691158500000|1691163600000|15381.95|15310.7|15475.2|278.1
TRD|L|1691760900000|1691761500000|15030.25|14987.63|15195.5|-222.87
TRD|L|1692111600000|1692127500000|15107.25|15044.5|15266.58|-216.92
TRD|L|1692192900000|1692201000000|15030.88|14986.5|15098.25|-213.38
TRD|L|1692283800000|1692295500000|14858.8|14797.93|14950.55|-210.46
TRD|L|1692368400000|1692387900000|14610.35|14549.6|14730.98|396.33
# window 2023-12-01 (Итог +2801.87 / 11)
TRD|S|1693836600000|1693873200000|15529.13|15553|15473.38|458.99
TRD|L|1694093700000|1694416800000|15186.75|15139.13|15376.38|813.13
TRD|L|1695225000000|1695232800000|15183.5|15142.75|15253|-229.9
TRD|L|1695305100000|1695322800000|14808|14751.5|14974.13|-224.25
TRD|L|1695824400000|1695826200000|14590.5|14547.25|14635.75|-221.5
TRD|S|1695997200000|1696010100000|14820.5|14906.5|14671.88|355.68
TRD|S|1696260900000|1696341900000|14844.13|14896.88|14678.38|677.73
TRD|L|1696858800000|1696873200000|14898.5|14813.75|15001.25|276.21
TRD|L|1698068700000|1698073800000|14500.75|14416.38|14616.38|322.28
TRD|L|1698761100000|1698774000000|14290.25|14230.25|14372|324.8
TRD|S|1701270300000|1701275400000|16085.03|16168.28|16001.65|248.7
# window 2024-04-01 (Итог +1648.86 / 16)
TRD|S|1702997100000|1702998900000|16754.83|16787.58|16703.2|-206.18
TRD|S|1703089800000|1703100900000|16820.47|16864.97|16753.72|291.72
TRD|L|1704292800000|1704294600000|16458.55|16407.05|16561.93|-204.75
TRD|S|1705071600000|1705392000000|16821.5|16904.25|16728.75|212.29
TRD|S|1705590000000|1705592100000|16866|16928.63|16711.38|-203.84
TRD|S|1705682100000|1705683600000|17108.38|17144.75|16981.88|-201.96
TRD|S|1706106900000|1706109300000|17515.63|17572.63|17429.88|-191.73
TRD|S|1706196600000|1706201400000|17589.75|17618.75|17471.25|-195
TRD|L|1706720400000|1706730000000|17256.83|17181.83|17362.5|252.48
TRD|S|1708354500000|1708393500000|17732.1|17748.1|17660.47|847.28
TRD|S|1708700100000|1708704000000|18030.5|18095.38|17950.38|255.04
TRD|S|1708958400000|1708965900000|17945.25|18003.25|17875.13|-212.4
TRD|L|1709132700000|1709154300000|17867.5|17833.13|17975.75|-212.4
TRD|L|1710855900000|1710866700000|17833.5|17806.5|18005.38|1285.5
TRD|S|1711028700000|1711038300000|18396.2|18465.45|18284.83|-231.99
TRD|L|1711374600000|1711436400000|18251.45|18180.95|18365.95|364.8
# window 2024-07-01 (Итог +1117.10 / 12)
TRD|L|1710855900000|1710866700000|17833.5|17806.5|18005.38|1268.36
TRD|S|1711028700000|1711038300000|18396.2|18465.45|18284.83|-224.96
TRD|L|1711374600000|1711436400000|18251.45|18180.95|18365.95|353.4
TRD|S|1712238600000|1712254500000|18314.05|18365.43|18176.18|604.56
TRD|L|1713194700000|1713198000000|18023.85|17987.85|18181.6|-244.2
TRD|S|1714397700000|1714398000000|17769.25|17821.88|17707.75|268.84
TRD|L|1714579800000|1714586700000|17340.25|17284.38|17409.88|297.13
TRD|S|1715181300000|1715268600000|18079.8|18139.05|17967.47|-247.23
TRD|L|1717083000000|1717096800000|18625.85|18561.1|18725.35|-243.09
TRD|S|1718804100000|1718844300000|19953.83|19964.08|19915.83|-259.9
TRD|L|1718979000000|1719234300000|19724|19642.75|19815.75|-230.44
TRD|L|1719237000000|1719240000000|19664.55|19592.8|19755.55|-225.37
# window 2024-10-01 (Итог +157.26 / 13)
TRD|S|1718804100000|1718844300000|19953.83|19964.08|19915.83|-220.35
TRD|L|1718979000000|1719234300000|19724|19642.75|19815.75|-197.52
TRD|L|1719237000000|1719240000000|19664.55|19592.8|19755.55|-189.02
TRD|S|1720445700000|1720446600000|20381.47|20413.22|20348.22|-193.52
TRD|S|1720618500000|1720619100000|20512.25|20544.38|20459.3|-188.67
TRD|L|1722267900000|1722303300000|19080.35|18968.6|19212.6|-180.32
TRD|S|1722347100000|1722351600000|19106.1|19172.1|18929.72|457.34
TRD|L|1722613200000|1722808800000|18490.25|18261.25|18851.38|-184.08
TRD|L|1722952200000|1722963300000|18021.43|17853.55|18322.05|300.2
TRD|S|1723040100000|1723054500000|18329.4|18449.53|17924.9|606
TRD|S|1724333700000|1724337900000|19896.53|19937.65|19779.15|561.12
TRD|S|1726580700000|1726584300000|19502.83|19582.58|19387.08|-210.08
TRD|S|1726753800000|1726755300000|19755.95|19833.33|19397.7|-203.84
# window 2025-02-01 (Итог -88.91 / 15)
TRD|S|1729267800000|1729519500000|20285.7|20366.95|20157.83|-197.52
TRD|L|1729524600000|1729540800000|20222.45|20183.95|20366.33|717
TRD|L|1729785300000|1729786200000|20177.75|20114.5|20281.75|-212.19
TRD|S|1731423600000|1731433500000|21086.25|21144.63|21023.13|219.45
TRD|S|1732035000000|1732037400000|20575.2|20611.08|20288.45|-214.02
TRD|L|1732201800000|1732202700000|20600.68|20494.93|20805.3|-202.92
TRD|S|1732287900000|1732299000000|20706|20793.25|20614.38|-203.09
TRD|S|1732634100000|1732721700000|20849.03|20952.9|20683.78|313.12
TRD|S|1733243700000|1733257200000|21157.55|21208.18|21088.3|-206.8
TRD|L|1733851200000|1733857200000|21450.18|21408.55|21499.55|-204.96
TRD|S|1734103500000|1734355500000|21779.95|21884.45|21602|-189.9
TRD|S|1734618900000|1734640500000|21315.5|21401|21132.88|400.84
TRD|L|1735224900000|1735309200000|21720.63|21634.25|21867.03|-201.02
TRD|L|1735658100000|1735660800000|21206.98|21120.85|21311.1|-191.84
TRD|L|1738075800000|1738077600000|21139.08|21035.45|21297.83|284.94
# window 2025-05-01 (Итог -1179.22 / 11)
TRD|L|1738075800000|1738077600000|21139.08|21035.45|21297.83|300.77
TRD|S|1738855200000|1738875000000|21697.65|21749.03|21603.65|-209.6
TRD|S|1739457300000|1739458800000|21769.25|21864.5|21667.38|-202.02
TRD|S|1739546100000|1739548500000|22048.1|22080.85|21959.85|-202.8
TRD|L|1741273200000|1741280400000|20325.38|20191.88|20610.35|-188.44
TRD|S|1742221500000|1742234400000|19701.38|19832.88|19537|-185.5
TRD|L|1743600900000|1743607500000|19328.13|19146.75|19521.5|192.9
TRD|L|1743694200000|1743708600000|18708.7|18548.58|19004.45|-177.32
TRD|L|1743778800000|1743786900000|17899.35|17508.47|18558.72|-156.76
TRD|L|1744902300000|1745186400000|18263|18147.7|18536.95|-174.45
TRD|S|1745423100000|1745505300000|18701.5|19052.5|18245.75|-176
# window 2025-08-01 (Итог +1209.83 / 11)
TRD|S|1745423100000|1745505300000|18701.5|19052.5|18245.75|-176
TRD|S|1746114600000|1746129600000|19898.53|20027.4|19718.53|269.25
TRD|L|1746632400000|1746633000000|19764.13|19705.25|20044.25|-203.66
TRD|S|1748269800000|1748331000000|21193.88|21252.38|20896.75|-196.35
TRD|S|1749045000000|1749045900000|21705.23|21754.98|21617.85|330.22
TRD|S|1749139800000|1749141900000|21830.25|21896.25|21677.13|458.1
TRD|S|1750427100000|1750629600000|21841.05|21908.45|21476.15|1129.64
TRD|S|1750780200000|1750782300000|22149.45|22166.65|21850.3|-245.7
TRD|S|1750860600000|1750922100000|22255.35|22329.55|22166|-225.9
TRD|S|1750948800000|1750950900000|22341.15|22376.75|22218.5|-226.92
TRD|S|1753796700000|1753802100000|23451.55|23513.85|23366.1|297.15
# window 2025-12-01 (Итог +1356.93 / 18)
TRD|L|1755525600000|1755528300000|23695.25|23648.25|23794.6|-202.02
TRD|L|1756130100000|1756135800000|23449.15|23375.35|23535|221.78
TRD|S|1756310400000|1756318200000|23554.25|23568.05|23471.3|-214.6
TRD|S|1756389000000|1756394100000|23556.35|23682.05|23428.5|-190.2
TRD|S|1758207000000|1758208500000|24491.25|24554.05|24245.9|-191.4
TRD|S|1759245000000|1759245900000|24603.95|24638.75|24532.7|382.32
TRD|L|1760450100000|1760536800000|24397.15|24245.15|24865.4|561.24
TRD|S|1760542200000|1760548200000|24835.55|24938.55|24564.8|540.4
TRD|S|1760713800000|1760718600000|24577.65|24795.95|24246.1|-197.37
TRD|S|1761313500000|1761314700000|25336.25|25381.95|25125.5|-214.82
TRD|S|1761659400000|1761668700000|25888.75|25948.45|25798|-212.45
TRD|S|1761746400000|1761762900000|26143.75|26182.15|26023.1|637.06
TRD|S|1762180500000|1762222800000|26042.45|26134.05|25849.8|442.06
TRD|S|1762790100000|1762799700000|25416.45|25559.75|25121.7|-216.45
TRD|L|1762872900000|1762873500000|25522.95|25456.25|25666.2|-223.74
TRD|L|1763130900000|1763135100000|24710.55|24537.25|25061.7|420.84
TRD|L|1763483100000|1763565300000|24565.25|24297.65|24875.7|247.92
TRD|S|1764340800000|1764345900000|25303.55|25367.35|25238.75|-233.64
# window 2026-03-01 (Итог +206.35 / 19)
TRD|S|1762790100000|1762799700000|25416.45|25559.75|25121.7|-187.59
TRD|L|1762872900000|1762873500000|25522.95|25456.25|25666.2|-196.62
TRD|L|1763130900000|1763135100000|24710.55|24537.25|25061.7|385.77
TRD|L|1763483100000|1763565300000|24565.25|24297.65|24875.7|216.93
TRD|S|1764340800000|1764345900000|25303.55|25367.35|25238.75|-207.68
TRD|L|1765290900000|1765299600000|25605.65|25526.05|25694.2|220
TRD|L|1765550100000|1765550700000|25589.85|25511.45|25809.5|-206.44
TRD|S|1765809300000|1765811700000|25280.25|25394.4|25119.8|272
TRD|S|1766501400000|1766507100000|25473.45|25520.35|25378.2|-205.97
TRD|S|1766589600000|1766592300000|25586.25|25617.15|25549.7|-207.35
TRD|S|1767106800000|1767107400000|25524.15|25562.95|25473.3|252
TRD|S|1768574400000|1768576500000|25666.05|25736.55|25545|337.4
TRD|L|1768834200000|1768896300000|25136.05|25083.55|25525.8|-208.65
TRD|L|1770302100000|1770303900000|24801.25|24554.55|25069.5|-198.24
TRD|S|1770736200000|1770748200000|25305.35|25360.85|25193.2|401.76
TRD|S|1770820500000|1770822600000|25266.55|25380.15|25063.3|364.86
TRD|L|1771254000000|1771255800000|24719.95|24625.45|24854.4|-210.32
TRD|L|1771340400000|1771342200000|24487.25|24397.85|24775.5|-208.15
TRD|L|1771512000000|1771525200000|24780.75|24695.45|24985.7|-207.36
# window live 2026-07-13 (12 сделок, +1081.29 было по 11 утром + сегодняшний лось -212.99)
TRD|S|1775484000000|1775574000000|24120.45|24278.75|23815.8|365.04
TRD|S|1775834700000|1776031200000|25182.15|25226.85|25028.1|706.56
TRD|S|1776089400000|1776091800000|25119.45|25169.55|24749.55|-224.84
TRD|S|1776353100000|1776353700000|26297.25|26341.25|26181.4|-220.5
TRD|S|1776441300000|1776443700000|26644.15|26717.85|26288.1|-209.16
TRD|S|1776959400000|1776966000000|26916.35|27007.55|26700|474.76
TRD|L|1778853000000|1779061200000|29164.45|28986.95|29629.6|-214.32
TRD|L|1780582200000|1780595400000|30223.15|30096.35|30490.8|427.36
TRD|S|1781187300000|1781198700000|28728.35|29015.85|28233.2|-202.02
TRD|S|1782138300000|1782185400000|30437.15|30648.05|30028.8|407.9
TRD|S|1783085700000|1783288800000|29681.05|29723.35|29291.3|-229.49
TRD|L|1783950900000|1783952100000|29425.25|29314.25|29854.1|-212.99
# patch 2022-06-01 (дыра апр-2022): новые сделки
TRD|L|1649343000000|1649344200000|14469.9|14422.8|14596.6|-192.4
TRD|L|1649856900000|1649860200000|13988.6|13916.8|14093.9|272.48
# patch 2023-04-01 (дыра фев-2023): новые сделки
TRD|S|1675790400000|1675791600000|12499.75|12551.25|12429.88|-199.5
TRD|S|1675953600000|1675964100000|12595.5|12683.25|12496.88|206.22
TRD|L|1676646000000|1676650800000|12317.25|12259.75|12426.88|-199.24
# patch 2024-12-01 (дыра окт-2024): новые сделки
TRD|S|1728657900000|1728673500000|20239.2|20299.45|20158.7|-202.29
# patch 2025-10-01 (дыра авг-2025): новые сделки
TRD|S|1754576400000|1754589900000|23454.15|23560.55|23275.8|355.8
TRD|S|1755093300000|1755097500000|23918.05|23969.05|23821.8|411.51
TRD|S|1755184800000|1755265500000|23814.65|23910.05|23698.6|265.88
# patch 2026-05-01 (дыра мар-2026): новые сделки
TRD|L|1772551800000|1772637000000|24369.45|24316.65|24971.4|2165.04
TRD|L|1774532400000|1774536900000|23946.55|23857.05|24211|-235.3
# КОНЕЦ NAS100
